-0.694578260171233,2.4304721848592,-1.51744587475929,0.368282713367655,-0.165795602161496,-0.517390087678726,0.506715824215205,0.694519456378974
0.270112675269041,-0.460952059904312,0.811880824984049,-1.70139584077829,-0.29064306830675,-0.810278526935358,1.54762576009432,-0.270430916958027
-0.215269437739575,1.79368315149443,-2.16356376546398,0.0932101653159871,-0.805605767341973,0.317976680972825,-0.0946056125999526,1.99011180487351
0.277456758445346,-1.10649932245121,0.82165540274753,1.06744134875606,1.73420988434662,-1.2450728729093,0.923391034073096,-1.01639128881211
0.423599789751487,-0.39723198954959,1.30701646180032,-1.52081335788419,2.34852429211357,1.62726327911724,-1.22509553040919,-1.34064387881803
-0.500923398053824,-1.17255449989668,-1.48640233402341,0.0422612005416274,1.01725023081715,1.00987079774406,1.33860602501244,1.63476821642733
-2.12456761588127,0.562614263538735,-0.0325260718764463,-0.576056837527148,-0.589593237279167,2.33068452958146,0.0769627416363946,-0.927423115910959
1.02115274365009,0.363942575526966,-0.598762905018848,0.706954768968765,-1.20314637157669,0.554268994094343,1.24297147822681,-0.189091365663467
-0.557920051342515,-0.651217860334075,0.932679288178095,-1.1223062848852,-0.901771544019765,0.20457132560921,0.637085614273906,-0.991472449051421
0.28480332638841,-1.40697132952311,-0.633268242222766,-1.13053680022588,0.0573020507618237,1.23860374975277,-0.64590335602378,-1.17345072955218
0.969564998534961,-2.69761358456774,0.803788795048345,1.29469933875732,-1.28630994433492,0.135260606794125,-0.973659989449646,-0.773471362551486
-1.08240124412906,-0.953621301959846,-0.764304642938203,0.482227656023816,-1.55097821087867,-0.0194597048988215,-2.3080093141661,-0.162882617814443
1.25616781055996,-1.43452927842027,1.07739851826343,1.36999259193751,-1.50756460173165,-0.943957491683991,-0.114805989867489,-0.447740164502284
0.741165579905493,0.661083447241108,0.372813597904309,0.867083034987369,0.449804555909223,-0.774195373277046,-0.149193237645189,0.867208019464877
0.122380087942151,1.07742771980764,-1.1858881764493,0.61541212053765,-2.03998546666248,-0.0370426120429225,-0.395179909162968,-0.418504310763085
-0.35878997066202,-2.00216269644236,-1.15109617945177,0.120114379793963,0.491924418851282,0.661919416624224,0.914611629418632,1.26912334865128
1.20519499959575,-1.74738772053401,0.0566487522026037,-1.32176397829313,0.42321467629857,0.978413408438126,-0.0121753108371459,-0.822384083057187
0.445783440040243,-0.478948170222289,-1.97804933285208,-0.00680890220526322,-1.05594893936857,-0.654958722982669,0.68899261251594,-1.55953167137889
0.532335162571444,0.947337327600543,0.915747256182276,0.206221374721693,-0.94600641214621,-0.472610122706173,0.76093554604735,0.294892140309024
2.69288424912276,1.25319824591572,1.47645871065988,0.506637850954345,-0.578886004232184,-0.884110849792128,0.270991855775759,1.32029383095106
0.554637302036002,1.47047307726985,0.661347711364686,-0.912396946750923,-0.637671554907485,-1.24851497108112,-0.885730943211763,-0.232765007998716
1.17651845072325,-0.396390494463064,-1.14747439460108,0.0913199980417788,0.846995388422552,0.29240126928671,0.573995112168375,1.23536953270766
-0.0506841874847245,-0.657613697601584,0.240485543512003,1.71815359974154,-0.143473813558943,-0.298454641165676,-0.42584677358196,-0.24345094467594
1.80226554870879,-1.03375624411826,2.23770646060684,-0.551423808180243,-0.851533414623797,1.33598493760881,-1.44998399410878,-0.632694156167497
-0.0950974828609206,0.550929999928471,1.25768048672777,0.106105770126028,0.504321825925212,-0.431190865294751,0.973980298988297,-1.23841123120066
-0.994993901721786,0.764798919794798,0.545797746698098,0.177598504733237,0.980111013960438,0.874002930151644,2.44611508179628,1.0707227391427
-0.0166430834740077,-1.53014540049252,0.87411384559671,-0.91752810390587,-1.72579261634369,-0.511670264417404,-0.798868394456077,-1.29580653227475
-1.71604702496716,-0.139826781288614,1.34341450461641,0.362128477619501,1.20395624466693,0.451614075391032,0.0161346742822241,-0.326232899527721
1.25759574714827,-0.531307735347868,0.192075450811297,0.211588599374471,-1.02978417573649,1.23045310227055,1.23234925737473,-0.779298705374437
-1.18415584332469,0.60215853077252,-0.106516095252761,-2.37708721689437,-1.94483270449502,-0.185639938548495,-2.13156753329739,-0.7732141769411
0.281644961979209,1.14388918386496,-0.269776523606212,2.21580322915593,0.0748499787327528,0.217717713752312,-1.9239946210368,-0.283685709058092
0.914349459385486,1.19951230758457,0.161531743703109,1.37526828757151,1.13093805405664,-2.63319131246018,-0.246609854499559,0.143327782264611
0.482747657739079,0.487490676260187,-0.232277995146972,1.21086312951524,1.22388740054469,-0.471427592817873,1.04767525810069,0.236035223664025
0.373550607694242,-0.418717768560972,-0.764115812536577,0.857555337297067,-0.393138172443242,0.199911017063359,3.38765219613926,-0.844450689425583
-0.864476420330221,-0.477655685000826,-0.929658429325166,-0.342273105072761,0.689633699039864,0.110326583460982,3.21239166967116,0.340791749157799
-0.0550505225013074,-1.17433530494196,0.607867121940199,-1.19914922125113,-0.124026960446234,1.66221231010935,1.01657147139105,0.514992657005908
0.930401081905319,1.16434778983777,-0.56511092617246,-0.469806287357721,-0.191955562256885,0.340577832462741,0.641078566837983,-0.140239084753476
-0.763580794482481,-0.898357907678921,-0.941178873692055,0.502558934688587,1.15045951716847,-0.00164433449450915,-0.57226014301606,-0.227245981279047
-1.23569780611046,-1.94734130839085,-1.37133686574925,1.91067791684674,0.238706050334069,0.522099109735268,-1.78241263724952,-1.20921595056227
-0.698666763788695,-0.827012069881073,-1.37356488252373,-1.00204930696858,0.961681731178719,-1.29266936466611,-0.0976922424607744,0.310338969322401
0.854441034180159,1.45105559758262,0.6866086340252,1.86760410828491,0.489830902191142,-0.467847053974168,0.178271157142686,1.64615588450091
-0.274565612231945,0.252831523413305,-0.364054577098682,-1.05229891867231,-0.644798803489769,0.496582231842933,0.0978443959009955,0.749143082605248
0.222871093045713,-0.36675849984425,0.619051052574027,0.803648744876789,0.550909040012361,-0.232931075941754,1.65708127976153,-0.114997888960905
-1.74483453587029,0.204297917906765,1.21540494890038,-0.0726676393026378,-0.154303909955815,-2.39379008986869,0.11137829051108,0.57648555609627
-0.77263126306299,0.388439249802355,-0.26682989307518,-1.95200703875823,-1.22511248325259,0.72308293835951,1.60177561724713,0.185095540892019
-0.699480510364474,0.437946868983358,0.725452410413563,2.49965615383527,0.204437111620738,-1.36841844954132,0.770086134285943,0.572879514198346
-1.26593037272451,-0.180282087825631,2.89595167061958,-1.20656064534402,-0.00741530745338544,-1.26271213254069,0.807642633560972,0.123266690471799
1.17396852628422,2.28442264488692,-0.335367293861863,-0.707415721581518,-0.524196261598378,0.42563482256521,-1.40512951196607,0.00956076357760195
1.03989442106456,1.05823318035384,0.447609643222778,-0.450934601369667,0.11822930021582,-0.242978612815322,0.794128795784351,1.58983051057155
-1.56721657804179,-2.47694656047609,-0.305473391165055,-0.375419479916477,-0.84747903249938,-0.779380476603524,0.656961879724103,0.123171250570364
0.249868699193282,-0.951413362471405,1.11694791946871,0.212870257301937,1.90258610901377,-1.57963261883394,-0.698962961954575,0.638416681298169
-0.965552625169702,-0.032491425047523,-0.400223294888481,0.329275472620116,-1.595328316759,-0.622309834401157,0.38271743969753,0.778025048852287
-0.165745677617811,0.497178071771316,-0.417153086780037,2.0920668484455,-1.54035499499277,-2.18726940214806,0.453899612181768,1.3269575674155
0.0456787797564959,-0.284751085114379,0.662979290112119,1.42177500778457,1.05125586302556,0.354741823221035,0.551440797398498,-0.15564359843258
1.70955516571809,-0.0458646057753578,-0.0217527732469558,0.963223484490906,-0.76744014808418,-0.0753271832337699,0.722764743667584,0.628475160249996
0.370436449933561,-0.324915309594375,-0.684637128410053,-0.657400959298603,-0.639535602023281,-1.30568519773958,1.16983725818687,0.06559426835121
-0.656453104771916,-1.31636579445353,-2.16681712566637,1.07425931197738,-0.638047451527957,-0.19739404136363,0.0806416553989431,-0.482955920084558
0.83138308308368,2.12976137172125,-1.40786960093413,-0.198872652592878,0.89713150759187,2.93705097010392,0.542864456752605,-0.102247283914661
0.876000851846027,-0.196122723288569,-0.540657329567007,-0.288717418855426,0.118647845008284,0.223234167690725,0.0107215897664817,0.604331333642237
0.138307982654338,2.32465767593706,0.788313435143979,0.545881173531957,0.497027405134537,0.398457855233439,0.985976851117996,-0.747143284295642
2.24223143370649,-0.890219012419035,0.698926572099258,-1.19535354445545,-1.86001925023194,1.61019978882943,-0.59723198232263,1.58327374171028
-0.166766684917706,-0.257184975582185,0.546187075685998,-2.40508965502225,-1.78198277113789,0.386161270522082,1.05303611132473,1.88380807351788
-0.459046414571913,-1.30884125745298,1.02782388360207,-0.413546207130279,0.218714068082311,0.00970779679204753,-1.21537636147664,-0.729036765480627
0.546193455363839,-0.855603814288232,-0.199370743170748,-0.843357464571298,-1.8804618856687,0.0725004924422454,0.884397767697069,-0.346901133404224
-1.3023027987471,0.90203774867366,0.381571263836441,0.853352056739577,1.90033356977373,0.319194034444238,-0.138485236768224,0.461620070814401
-0.411524018886901,0.755764982561674,-0.0618542531090765,-0.262549095516801,0.320309629894336,1.07086159535697,0.308556674839563,0.402878706135669
-0.540077675517781,-0.875472247288897,0.449230726087626,1.43959847744474,1.30653089633703,0.300832176206406,-0.342489009447764,1.38498633843397
1.36646991735509,0.150960373130046,-0.185499561199815,-0.524780502631647,-1.77231348517455,1.17218874167709,-0.12682340081308,-0.0713995912396788
0.70684919808773,-0.440395043631145,1.03277452009334,0.626301458468585,0.532154707801539,-0.109414817876777,0.316475920487317,1.59423070226049
0.607570216406357,0.827646034252867,-1.56168702052764,0.490373835570198,0.490227009796349,0.827242118082538,0.86802290691943,-0.835002713894515
0.919815411239128,-0.769324687563751,2.36192437443264,0.392133592055517,1.14512578436024,-0.519827891954585,0.885540606355411,0.0803474430029376
0.899393277228829,1.55577597976405,-0.270255354714994,-0.969285165519699,-0.348017172538258,0.853026523263977,0.351972238592077,0.323489491673068
0.0327173786022498,-1.5503513656533,-1.23210535949779,0.0601516539451495,-1.36813963268596,-1.17512011965286,1.25437971115288,-0.966895031518091
-1.41585697363242,0.29074601583082,-1.14502916178252,-0.12657786108122,-0.717939928203999,-0.454400370797776,0.374087195674747,0.0591885387896972
-1.68086020992732,-1.51302468090748,-0.0412685025373958,-0.577164018504163,-0.526249527208546,-0.506108776868427,1.22010002851154,-0.265174371656514
0.037781185575275,-0.725653514881862,1.30180009185441,-0.30517621604923,-0.323709497873568,1.80369268603739,1.89753404401133,0.857692607972956
1.66346246109295,-1.07560866106825,-0.943305734136657,-0.483277869423016,-0.213154453918976,-1.01274818275146,-1.17894955923429,0.545686171692389
0.830999693581986,1.54881755347135,0.41902327557753,-0.310288002415664,0.254036776258932,-1.24028918439753,-1.12798582918366,1.85375176248034
1.04765463951702,-0.162520912311842,-0.825772409956175,-0.861545467353033,2.10263134154791,0.266564991771165,1.24924407608087,0.996096640771298
1.79381758318177,0.32582079777984,0.954672223247918,-1.22002321174827,-0.836398769153864,-1.20775229087487,-0.151551980443678,0.102891383623264
-0.485121787956605,-1.44190810038096,-0.551670852465969,-0.645496405548499,-0.667682919512775,-1.05007241226139,0.477172480623934,-1.91838187611468
-0.633629149587874,-0.960074553978256,-0.797514993920239,-0.289142372427595,1.75361398024587,0.468665814359188,1.56499151818685,-0.131067824281041
1.10190036167636,0.347577745603058,2.17640665356615,1.00042183787648,2.46704474174338,0.282900007823541,-0.638640013662811,-0.768631666817079
-0.71702117416281,-0.103118129655292,0.279476284441403,-0.588063687899177,-0.73287131103516,1.34119715607637,-0.972643933128415,2.3899518363068
2.20002147801647,0.660631387968933,1.30820651792174,1.55748343178916,-1.91402400172473,0.380597442103914,0.0904461532357797,0.0772456795913396
0.890616835986754,1.15711005219815,0.957490789307044,-1.36137320603563,0.49581826890071,1.4354306090863,0.188414782643935,0.375607450233409
-0.635431754992441,-0.919389089837682,0.210268898691969,1.90008161511716,-0.704244588771229,0.799587872157398,0.522856248260586,0.395564169367877
-0.373502709270979,-0.97052435957043,1.35340102834514,0.177859224675164,-0.0772872398028594,1.62856053724957,0.504684407056908,-0.112499088960486
0.521876377997487,0.45609777526648,-0.114082028638196,-2.16660961344396,-0.0998642744972662,0.129106843700376,-1.4254207169913,-1.82903670221613
0.712899430412518,-0.120815625979812,0.546055556037851,0.706892217352586,0.322427621851118,-2.08476392237337,-0.203406093169554,2.09145219348348
1.16840621203268,0.0128987345422957,-1.55377675470055,-2.22533446552111,-1.30839357680549,-0.647114481656616,-0.240649491106693,0.359093122201244
0.339968228336832,-0.885564102880688,-1.22196274171786,0.341199173780126,0.237142922925951,-0.251732208288183,-2.34289670646364,-0.794344747026787
-1.01472975190995,-0.948585565673693,0.765226158648165,2.25123807911146,-0.417418349193314,0.190216426474403,-1.31507642933608,-0.227311640661342
0.0931455398660938,0.446796010439429,-0.354101645477064,-0.166136696753434,-1.48982558417927,-0.467542343214334,0.771962718213072,1.59382135488806
-1.53620529942367,1.56014644755619,-0.410171282213301,0.487022958413382,-0.14191504948736,0.530739593810393,-1.10061897535574,0.155205633826749
0.576217656885696,-0.346515774491036,0.384241589155241,0.672969018004067,-1.04598446587686,0.244655812903076,0.242737409239537,0.178595629002979
0.572062119455931,1.1081698995999,-2.62905113181094,-0.374955589348857,2.86411223766982,1.94642854528618,-1.75902685951531,-0.337730845992083
0.146680068379511,1.36971184766646,-0.360302987091546,0.820488788272215,0.0502053989022299,-1.27705422974603,0.294687332784941,-1.52499188975933
-0.92572348959313,1.07199818925981,-1.07987226058329,-0.374873842031478,-0.0985811349681954,0.00745750914152458,0.881533182663881,-0.709406646672822
1.27314058068652,1.51641617414587,0.472329274436858,0.87849183222558,-0.230117112223496,-0.363455466545683,1.14182501497821,-0.866616633652245
0.987920865547279,0.358780632442108,0.0305478908428822,-0.998011564904706,-0.117750663409143,1.26683595798921,-0.435276284075189,0.0714811083995364
-0.711861835044197,-1.61424278118396,-1.53200198708523,0.0704606593782405,1.21709875927996,0.538037342717262,-0.980195233498051,0.155620635815392
-1.3343030909087,-0.823768791707386,-0.099347736692604,-0.290541681228906,-1.38660079946532,0.806824634083061,0.784253793454349,-0.182191392684468
1.00423666824317,-0.154559669852653,-0.225783237119474,-0.778342306603928,-0.767831149044324,-0.111471424402001,-0.0448020772139419,0.731015841119582
0.608510675238272,-1.45194923006739,0.524337970396698,0.0885562527101705,1.0130338838053,0.912892209406183,0.0574960939009527,-0.347568065806922
0.0359244240875517,-0.524204831582902,-0.625699910504679,-1.473674430523,0.470085162725663,1.5246317487839,1.22891694802423,0.234424007981446
0.255350053985681,1.27469684830293,-1.34949072936346,-1.63979464155223,-0.193062679212211,-0.692365058403062,1.82627927590686,-0.867729364093884
0.69716219638519,-0.780472960279555,-0.0755758536114959,-1.45328070334244,1.35348110105132,-0.902474939458922,-0.875131234751668,-0.982538585030603
-0.431179391831817,0.202979836740125,0.501297166526375,-0.803375212344885,-0.0998981387681486,0.0703938361844816,-0.489331987146268,-0.293572423753279
1.55391316664729,0.281283422562518,0.360896023286956,0.842577499099225,0.94912280601123,-0.688466819235238,0.084889184352596,0.824469636312415
0.346650755410393,1.84524676668318,0.660595472942342,0.0498421390615104,-0.00315151864242884,1.23090169522385,0.671212088671096,0.194133169265403
-0.7664851001577,-0.25182327778131,-0.936747952259017,1.24795985106015,1.79006204137241,-0.274558939377902,1.34219612015607,0.297691619309298
-0.493452200012511,0.645360925282678,-0.85191958646018,0.987095587387671,0.828893874198851,-1.10359934063451,0.567703285223566,-0.710125082129383
1.50453666981425,-1.23134830379495,-0.669131067514653,-0.481116512376636,0.651640769603938,0.0811956704137945,-0.428549183466008,-0.687674101357483
-0.649856721616048,-0.877141725655794,0.617255113405149,-1.36079522174581,-0.855859676028197,-0.785749735232226,1.00237263917748,0.572838124839506
-1.06048685426463,0.326549586048414,0.28364060362429,0.0277173440377229,-0.440382906169389,-1.46355138717648,0.581511531361998,0.445217603677904
1.15472682161351,0.524352814062885,0.350975702033898,-0.347808476050095,0.384790453204853,0.396845098991474,-0.162028031548731,-1.32595925914607
0.319256967505804,-0.472167649197909,1.01750391426451,1.22412525681963,0.289098367372406,-0.56428698943452,0.593739825988587,-1.49987540945822
2.20352846258413,0.274734104548089,0.677656204983208,-0.733649357582893,-1.42656725748769,0.378161621966822,0.201719411457592,1.01596822718729
-0.267906786013776,-0.672731993429843,-0.174162030842294,1.57955168104117,0.276810377577666,1.17049169873215,1.8235151880248,-0.0275157883462291
0.638054739974739,0.574249115548189,0.161605450858558,0.254257508977067,0.353639458045119,-0.0458117591612714,-0.25082534549129,-0.160445579808615
-0.0193691542598697,-0.702347581171005,2.22808153625508,0.464392209794852,-1.76640982432096,-0.635060982201127,1.26699029258421,0.378835176105465
0.432255194347876,0.251299157571409,1.44167650824058,-0.715034025267173,-1.15124851070911,0.331383325805432,1.18633821524139,-0.107160722499077
-1.58974118375073,0.35241289278852,-0.448535555941661,-1.01584267716017,1.46133133065571,0.882187786926488,-0.533063900694726,0.21283509315953
0.249650473709888,1.43288102076621,-1.86462753317668,-0.176028006183455,-0.544206339847403,0.418544443691296,0.680301035183148,0.468063916708618
0.763109203323202,-1.10945376385603,-0.392420914284623,0.0212945517025416,-1.13149732204754,-0.0405484150296076,0.898446786216067,-1.61607434104671
-0.00573226232039495,0.213758738922532,0.134230346538703,-1.46090352312595,-0.360348298048279,-0.0701435750955495,1.63729168575111,0.0147380061973595
-0.359689847972208,-1.72640704582879,-1.99763494036701,0.110445631979111,1.24835285695015,-1.01465244349844,-1.29659794000111,-0.0377643476720583
0.0259044645439216,0.126833141214299,1.30288133017051,-0.768655824289017,0.428809601586286,-0.133746725398224,-0.806194966380674,0.403809000093114
-2.08925702598424,0.784311139905076,1.41932930409004,0.421351093337352,-2.2504046482835,-0.0408004433878832,0.160884821178282,0.305254392850928
1.24186828168715,-1.06718270455173,-0.0116516666362024,0.976261997745148,-0.551210447355368,0.602768391686645,-2.36622067174187,-1.24311011200712
0.34214261032647,-0.205144452171096,-0.392171726620127,-1.89091815847634,-1.59118047470345,0.782260525250995,-1.52650376157518,0.131859188699135
0.550592771010682,1.22861741890164,0.751405573203867,-0.72562322901366,-0.611153390872389,0.214638622073737,-1.8083222020924,-0.999475083510364
0.654700748902276,1.65578942921709,0.731076745065522,-0.27106575814919,-1.9000130430206,-0.809779244829179,0.699789606691695,-0.35421345818509
0.286811201041834,0.00204915056058413,-0.128089904692468,-2.25157248216713,0.668747776011168,-1.3852612101236,-0.630254567737951,0.105588715379725
1.41835759781846,1.48582605218749,-0.556332072542855,-2.59414708026538,1.02810389763924,0.0908741358049955,3.00204994176136,0.955426266430902
-1.11893181598044,-0.158552764976337,0.257585856427742,-1.69352595223636,0.8453355397997,-0.214022025945904,0.811523935348309,0.464798977991353
-0.0746876778133967,-0.873935212050787,1.86149066079656,0.89540043524506,0.999730062128569,0.150868228513818,0.81473279577304,0.266706388227063
1.08411948561219,-0.103840838300451,-1.4550262400531,1.61860818598828,1.24439708823615,-2.3554182320535,-0.159896587337345,-1.42322334232221
-0.0145495623902737,-1.74260074239047,1.71803412931695,-0.637890533983032,-0.814683679489739,0.62013810661777,-0.312704541017745,0.111057309026227
0.642925541439035,-0.826254371536301,-1.83623031905653,-0.451554193790719,-0.508997786147906,0.310621765994095,0.814782078244699,1.17285538956588
-1.61986924282745,-0.621223614816197,-0.836933877405571,0.177729373202335,-1.38599712954839,-0.0907803989291917,1.1799679430375,-2.11558331822511
0.348747529204677,1.37842819831818,0.574473831529545,0.814469569087516,-1.96614566867499,-0.396923232421456,1.45928213968045,0.462161139594811
1.08341349247974,0.222554906989031,1.10950904710245,0.879837752535385,-0.9353722582555,0.594676709975224,1.37525951066568,-2.45990316165611
-2.24011986273417,2.0441419940736,-0.86348654610065,2.5059595579776,-1.31308959443433,0.220193191623653,1.09259206191683,-0.304857184751588
-0.235644279958896,0.445133845814244,-0.183800644218742,0.4727879930963,0.0534376060625967,-0.716505120011479,-0.0247842505307832,0.398233253913678
-1.25317128446654,0.353636705890539,-0.816181542304018,-1.16798166954839,-0.374906905001653,0.0117419618171232,-0.0261314191393978,-1.70578655053756
-1.03019606654568,-0.223732929346704,-1.54121695795483,2.31864830172844,0.436098805606628,-0.955004203865266,-0.879148941815737,0.759409811808428
0.592835691528604,-0.891540757117666,1.14095999850611,-0.997857136400435,-0.933727247574867,-0.778342753847607,-0.1344390263416,0.203237618683344
1.09025257734079,0.169471299932631,-0.481365257584428,-0.704987439045016,0.339800871355659,1.52876054000822,0.392561811482352,0.958682789922273
-0.209461403841651,-0.37613896324538,0.030579427495883,0.907164087520108,0.195377913626827,-1.86834690727352,-1.39124843800747,0.486829747879475
-0.519221212060639,-1.55725340974249,2.11302423560265,0.175537518078233,-1.6397968278648,-1.22095456464583,-0.408388238239126,-0.44590444136973
1.80224608485309,0.514936925050676,0.341773192657503,0.0682443228063713,-1.95895646210915,2.650157539766,-0.407598940833737,0.325673074262143
-0.0861251566197852,-0.164991013381563,-0.0262034073030944,0.00591625073786253,-2.33366333750711,0.0949251648919078,0.0937495424176165,-0.0200978064814074
0.380610430313258,0.261998016262877,0.720278057718164,-1.33957733079912,-0.655029420862881,0.39623363392851,-0.326930871476909,-1.88847557535879
-0.347925496205962,-0.520395868601457,0.240319877480641,-1.28545090125272,0.0837189509039954,1.35753675294859,-0.323100211148631,0.338361468320092
0.507329687589919,0.685396227504035,-1.20641007989709,-1.67652301869667,0.511408923011053,-1.94114651212169,-1.30881141205465,0.337805402879404
-1.22216750270194,-0.598537540862005,0.734276072763759,0.755868016253087,-0.994668848483126,1.7605880576172,-1.15875657608571,0.424331218582316
0.0215643012595382,0.355786097289335,0.00840138604547863,-0.895768868332429,-0.424819716294888,1.06024033124182,-1.29449763645433,0.112870787348612
-0.885708334491331,0.668191547896034,-0.0889938914772009,-1.73464079444528,-2.27086864958342,-1.0467912175975,0.308368086409617,-0.118270365758134
-0.191622816711298,-0.125350721106266,0.76191676775644,0.476550199886526,1.7823742041252,-0.272025959648583,0.432375611810973,-2.6862862203428
0.689514553368272,-0.920368540041126,0.195516516657686,-0.253969587070142,-0.787206407739934,0.436866575266409,-1.87302487712988,1.54835619100506
1.95933199557454,0.238640030874522,-0.54795712977378,-1.30315683387076,0.374916744305999,-0.865786495587511,-1.12350149931258,-0.924378684060016
-0.452041424501374,1.0771930885576,-1.20740267312625,0.290260392687052,-1.60313805416408,-0.640020499306357,-0.369292987658857,-0.720404909025558
0.533254626779687,-2.17803788848722,0.651187411856975,0.439663451333156,-0.49254879558255,-0.519275246119911,0.543207695793634,0.833505310358662
-0.45705544432074,0.114004895583743,0.787447695200399,0.503393235574352,0.95967299790342,-0.148482300972908,0.209104562663669,-0.566491856288682
0.0894461315473624,0.141137431652743,0.203237318828953,-0.610059855304868,-1.2118547771883,-0.650864286664422,0.860536810080937,-0.999150996240779
2.78258611560185,0.349953412409055,0.0917341356187901,-0.353936356966121,0.498754648313398,0.599673241725731,-1.35269533891595,0.641267052128047
0.181329134706387,-0.378675970050021,-0.0897419586074512,-0.43209968889628,-1.18116306569773,0.0940939305074536,-0.656084245108649,-0.253950090858085
-0.596945151359655,0.338181195499084,-0.11830638268051,0.164478755253172,0.647246958847635,1.38123515083121,-1.35104686473287,-1.1216999904268
1.00222438447982,-0.554088429750603,-0.210051165071393,0.5104969950466,0.493588878854636,-0.754827866709901,0.0896034999845972,1.64792685460081
0.924812100358565,0.255297226118625,1.43359171805301,1.64276118009046,-0.123561999345687,0.96751739733056,-0.814711163218137,-0.306677570046992
-1.52167947258869,1.14813868195174,1.16061046078445,-0.61512606792401,1.79409769462845,0.538956675754634,0.762269279829454,-0.77404140889206
-0.640085337708922,-0.0907691714256123,-0.372854435510665,-0.628671339470476,-1.60681804802468,0.643089921063575,-1.68940218662583,-1.3542395842984
-0.448015209676312,-1.07922172471434,0.739722935971149,-0.176557908312171,0.536062403714425,-0.0911864331584433,0.0806826961218774,-0.325926789187953
-0.253666683187102,-0.103371394575891,-0.57977941427748,1.16125413303262,1.78071644663212,-0.0826895370594471,-2.1623103522869,1.55321631535266
0.104909317347549,0.434096007315284,-0.716811172175868,-0.398468092854212,0.310768996859893,-1.33511267738392,-0.90915447707978,0.628131209769326
-0.560361749596933,-0.270224339786271,-0.122259963901076,0.928355195202805,0.708056269489433,1.17328005822681,-0.0786786187269435,-1.02754618141245
0.433441572066791,1.66128025826445,0.207273828869761,-0.735626270177556,-0.185741243465675,-0.190139591015834,0.398146355933663,-0.201942294025179
0.470756351817365,-0.441169333091204,-0.565466727933412,-0.855994624611678,0.881584314620342,0.395668885809358,0.332133703506583,0.861066025555949
-0.842570452760848,-0.425077499830041,-1.43921943872157,1.81311089390539,-1.79644241593154,0.744715394339653,-1.75787052503363,1.55815736336427
0.375919009427215,1.62966579817731,0.800344587159632,0.860349737621205,-1.13168570398026,-0.250633039843382,0.472557971350306,-0.129681117463126
-1.1218564711861,0.298640507452732,-0.446126222533971,0.567824302200727,-1.09008686676595,0.165380016590535,0.799484467152829,-0.817772315233831
0.824889590567591,0.535309374886978,0.0229575379936747,0.00664181484955421,-1.14527494349661,-0.435298214583977,-0.798391311005358,0.288506444611504
-0.213846762028684,1.333635071889,0.584728877091598,-0.599786854214078,2.39338810273194,1.17081895487129,1.0160618872942,-1.13137904237091
0.720025224393972,-0.655184187799083,0.0833848408418213,1.17523115009483,1.73049314199327,-0.909180686155035,-0.562347385580071,0.88131706532049
-0.993468251008932,-0.185700619572019,0.0226588212105658,1.13125585851945,-0.619657736298477,1.30144916626212,-0.847796093528015,-0.944213697756609
0.781864817290067,0.869491344391853,0.357492430864184,-1.76191503658499,0.441783930173242,1.04137150613509,0.186995205566175,-0.621591923833755
-0.276267192650252,-0.796659949088108,0.548716483484171,-1.15183604026249,-1.65372156806403,1.47522607443786,0.65682078765323,-1.99105234222674
-0.0726412897202442,0.238861611391116,-0.576491757710426,-0.368293013835837,-0.705965512646088,0.286687241630274,0.462353490571799,-0.951953273678891
-0.271723747427375,-1.16341334758055,0.352011485351502,1.48413803681476,-0.292308366537391,1.44616922955198,0.297759428926516,0.257948995104109
0.671240970484582,0.50931699192848,0.606728880417396,0.391096577027212,0.305433244879441,-0.0600032402171909,0.591559350485452,1.19819722491019
1.80271974000285,2.23565902501217,0.352750607488705,1.30765291645093,1.20389732373836,-0.15847040881966,-0.310496918463497,1.10896678242084
0.896098517312312,-0.16253764740436,-1.52269553243174,-0.577178565951493,0.617185556442562,-0.424837042803484,0.686324142006508,-1.6126667145719
0.0294499164679947,-0.402266762671003,1.14741382376662,0.477100296010847,-0.0197905226644961,0.454721192972662,0.622257828399017,-0.356629642598108
-0.747576217685203,1.66108539184346,-1.04030343598117,-0.621523889494184,1.24246511120443,-0.4148256710471,-1.56015032015084,-0.00861645885063217
0.0840472269817592,-0.938004709069026,1.94525685494958,-1.8751440162684,-0.184057864479473,-0.058554341084603,-0.579075257072431,-0.0146139576684419
-0.997619594541018,-0.376592004760723,-0.661415745558266,0.307786196845486,0.654950308136913,-0.253157621777754,0.944073397174257,0.217087656272216
-0.0873571914517465,-0.0327903672443265,-0.219558773931691,0.0390454996297821,2.0342548426703,-0.213196899050938,-0.361572892055496,0.180190731848216
0.942072918177321,0.606995054782396,1.08933896641785,-0.761705086537191,-1.17000720780808,-2.12709626427085,-0.615968319858409,-0.520516405474615
-0.0874984603585001,-1.08904281954363,-1.35814277712475,-0.549914774549615,-0.280674806687766,-0.235532974041384,-0.256913409048365,-0.239581906155281
1.19277600628623,-0.967776418794894,0.463774968999114,-0.779440665402206,-0.979487862471792,-1.70819955074015,0.928298507213568,-0.69301523014113
-0.498168215320996,0.304440516626637,0.735676964002657,0.520463114879734,-1.56864241356043,0.322262712037308,-1.2564354817832,-0.684910786116081
0.437546269729667,-0.189141357044054,0.537940096094992,-1.04080086146455,0.990123637973273,0.739866531860486,0.780851462873834,0.932602760738777
0.330044188884254,-1.67600657729442,-0.72712066981196,0.591864830585222,-0.461484044909241,-0.697405044623323,0.799970741512631,-1.20855099559774
-1.40014186013997,-1.72359919730205,0.455160137179118,-0.291608736237927,-1.70168722386254,0.691704222182721,0.509903895871637,-0.36078550385886
-0.521881084053462,-1.73212503654236,-0.979545104025003,-0.236180217045201,-1.02407312890331,0.427894860369862,-0.651113489057964,-1.18236947813095
1.00491839356777,0.0198097178275879,0.298804779989579,-0.876779018252948,0.985502796109679,0.0123900144443441,-1.12904468180042,0.644657602036026
-1.13778938575743,0.453133076045615,-0.551777870097639,-0.836816341912152,0.646792995346239,1.75592620629207,0.910469255492467,-1.08883287024747
-0.153247997594285,0.667068467174987,0.189286298703857,-0.672945800076526,0.112649798095983,0.771681618809493,0.410191654087668,-1.69847454979564
-0.974249346209884,-1.06198768565426,-0.815779355390068,-0.91969507240464,-1.58515790584158,-0.0311252115019431,0.122162809883963,-1.29035961821864
-0.979501189164529,-2.01083941163818,0.413129415102126,-0.706421954056373,-0.520408887382358,0.701268257130514,0.180911938091335,0.545626743738138
-0.921452084469283,0.592231452135565,-0.49195433387576,-0.642052446655979,-0.962311190619227,0.649842831847737,0.407866583081557,2.1353495357573
0.823138388315127,-0.0842052691808231,-0.851879355131987,-1.51973772137986,1.33872943566353,1.68432845319875,0.365812006423185,-0.576858745335125
0.00656507650750564,-0.0177467080014588,-2.2064748372302,-1.74539386354885,-0.662432261613254,-1.38980550981188,1.19709274937997,0.825189053682867
0.374132781703701,-0.406095065061171,0.470551504511946,-3.12890661533416,0.851168363088714,0.729037279932482,0.662685587489396,1.61310415560195
-0.555195218803248,-0.311563926146836,1.73846527848542,0.545687916708685,1.69543848436193,0.203777851463486,0.0874729282635691,1.21592218233776
-0.124638466028382,1.90175492040246,-0.555365702235674,-0.974727752231523,1.33725140707842,-0.90413534727696,0.979130189587394,1.61391130280902
0.836974250432236,-0.153849702180605,1.43886518651922,0.221010185690586,0.621794889955326,-1.65843345206564,1.89665972769745,-0.599938803169366
-1.28747620306597,0.510788428160176,-0.184695413593675,-0.394221229858107,-1.28959162919271,-0.890923647169643,0.252180663020658,1.04008000906304
-0.758512754220414,-2.17129774530226,-0.812232504926446,0.83784105296789,2.3240700357544,-0.0957758953541974,0.988623111583314,-0.244406841376263
1.02057708970964,-1.48734145529967,0.0826375972403861,0.37940422660685,-1.32158781490854,0.408504713836383,-1.09109425961063,-1.48506674965087
1.69442739244305,-0.78170358612352,-0.408265141876975,1.4795982433385,-0.686229491114964,0.673858370489919,1.14914252946411,-0.356178627015693
-0.86318828030495,0.146792795663426,0.694411222039305,0.238174938734941,-0.0163453043295734,-0.317345052823367,-0.567567456641037,0.354523559110589
0.439280577503744,0.361658284774414,-0.859279601891416,0.53898283964624,0.746674116325553,-0.231221927787916,-0.336946852519582,1.83491287430937
-1.24687803857501,2.50978583892979,0.129401829050187,-0.37873038595506,0.273439550102226,0.675172215431205,0.684127503742333,0.897692467954448
0.65770177177351,-1.75733350828577,0.287771071472969,-0.914676866000779,-0.803067325576761,0.831251438592155,-0.407172085647986,0.252302300310605
0.133127764680656,-1.72814651458336,0.127245036550813,-1.72422526715085,-0.994665175206309,1.20218980786495,-2.17960280048213,0.984027836306374
-1.0137900643939,-0.281181026229459,0.286536688100194,-1.3712544204786,-1.50179132083093,-1.89809523391431,-1.98520529736381,-0.514560924449291
0.508966617988,-0.869424608828757,-0.423578759249021,1.76074321244613,-0.381234927357953,-1.20745038620026,-1.38516934741558,-1.31065363515776
1.26450102475788,-1.038585105133,-1.47895899305473,-1.298246173419,-0.28794079176181,0.286132374867237,0.546213626797787,-0.687315664016228
-0.157605025675005,0.952893903279977,0.338076045715418,0.512022254973962,-0.140426186868026,1.0512520709578,-0.498099641956749,-1.18546461925071
-0.898631249218898,-0.426678157597064,-0.945626754861265,0.0682580414947244,-0.381126525148265,-0.895748409008844,-0.332246110647339,0.98238861191443
-1.11796629904745,0.468521614879776,1.11362445463113,0.689424323016321,0.503368957540548,-0.290061014857731,-1.07546235211737,-0.135346568348692
-1.24188340320115,0.203445279230777,-0.30800625038903,-0.223780788972986,-0.140500876667895,-0.455895623501948,1.87824013766192,-1.19003996771486
0.398455300311777,-1.60065478543849,0.862735035730561,-0.273730017348496,-0.586650043246817,-0.0673044567007375,-0.241809078133637,-0.207309624877433
0.339393132932248,0.765861257168534,1.72426298838211,0.630052649756427,-0.276892907728729,-0.45279376863582,-0.806574628599801,-0.845615186358725
-0.783577082725982,-0.25630582199278,-0.339354114251801,-0.316732136825159,1.63961347922782,0.757511737833206,0.258474381341599,-0.314295127111954
0.754028533121159,-0.662155046903431,-0.601782203009851,0.241652455586228,0.0650492487772093,-1.55020707787622,-1.57179232604639,1.42428031134983
-1.06558371765042,-0.153186598091928,1.1117114556776,1.41686918027402,1.06131821013624,2.02126460331511,-0.522201338132558,1.49147685414138
1.48736283718941,0.393344950793667,0.316898685552175,0.619090035834273,-0.380208428692292,-1.36371320552333,0.0989824046401102,-0.744048392673123
-2.12773242569451,1.10495858219137,0.0372828341258354,-0.594750146517122,-0.70132693385226,1.00877504208862,2.089711806637,-0.374376980736261
-0.273774444044906,0.10208969429456,0.142221565139841,-0.276208652567733,1.39322200246519,1.15742965942023,0.298727945766013,0.424106890814037
0.753309636067283,-1.72467905294672,-0.739015778936195,1.41660018759438,0.61194361007888,-0.166568098589962,0.313430348257535,0.114115708791388
0.0122750596562057,0.834326701498036,1.0498451252811,-1.78443517847946,-0.603358551924895,0.179935410475327,0.778584868853606,-0.511097957604583
0.0490701039641104,-0.546477823697306,-0.459890616030922,0.318262013132834,1.37582872301161,-0.44885170244739,1.03962898915107,1.02233722060235
-0.508520216450021,1.84520500739753,1.11010964694912,1.5467781405954,-0.236371265238344,0.785084034858618,-0.535433939360047,-1.41918384325539
1.96525754766553,0.610033868507636,-0.486149939067995,0.0113846186589423,-0.0663692409039118,0.320491796870383,0.356909778607685,2.5466793321457
-0.460335120053998,0.654146786489993,1.45592301206226,0.198779155798662,-0.0504068348226616,0.230958841884748,-1.69478750959301,-0.357955502291092
0.697998178202231,-0.341026706611392,0.297130081287435,0.966113999992253,-0.1551338060324,0.859752451520595,0.474595849939354,0.401318426719893
1.21125658777919,-0.843250124392585,-3.10270394670169,2.30769692506216,0.283539990305778,-0.0849050813084799,-1.13220637834835,-0.706194829675742
-0.339759120818417,-0.729900086809675,-0.182594105676761,0.955167978829482,-1.43078956599893,1.20149281336828,-0.16203140500251,-1.02066339488082
1.4486455803274,-1.29661404553481,1.25996720880138,-0.565779822388848,0.549092882251406,-0.0233274755624389,0.206113977712596,1.13396082991119
0.44391056366341,-0.823677425279959,-0.318866999897946,0.00564363415896444,-2.45686479296176,0.693584604486866,-0.845583475808897,0.0385453320267831
-1.48780237649037,1.18192718623158,-0.650639457894272,-0.685941575825116,-0.017073239698917,0.076698938853898,1.27663741275086,0.230912726456574
-0.471275689197211,-0.598259248421472,0.448836746650383,0.0108420699860462,-1.12383507231087,0.515026768712451,-0.515513249299273,0.125733520341114
-0.145215110726913,-0.0595716759176482,1.46400006511969,-2.43905033162895,0.457156910322908,0.181142785265375,-0.63192905080373,0.69628561320824
0.637923187088797,1.55738542394855,0.741926893343006,-1.00625164242347,-1.00999892543904,0.588816740943223,0.678178990825581,1.73947365147502
0.712707186161948,-0.498709997234646,0.113284436794971,0.559802846418436,0.868002696262762,-0.419603899960187,1.3186119284287,0.665377385599452
0.697064159201887,-0.201447262528007,0.515216589102264,0.478029105068941,-0.702618761489417,1.19830788879063,0.177447335905375,0.687531804871697
-1.44699880838266,0.691337335500217,0.518330816817544,-1.33089752860785,-0.942726449911111,-0.337666712720142,-1.05262820092065,1.23896871529087
-1.52575205559633,0.19941064461313,-0.180146628340177,0.512117910447331,0.272364943226385,0.36771543806078,1.04184667643526,0.898663067613683
1.34551165486911,0.462601761424679,0.397601842648749,0.200783358582514,-0.364318602477145,-1.13580487451785,-0.754254749878395,-1.15009807719898
0.823446603203803,-0.378359134357779,-0.0129312793309902,1.04497059311932,-0.526401963578633,1.38062979589098,-2.02535814736709,-0.264180462940594
0.412184548983951,-0.176893807406752,0.701469646050861,0.19995425228139,-0.554852532964283,0.846110337023917,-0.993813221609193,-1.62518045233166
1.54618975413591,1.61990066117468,0.621093444614376,-0.94259352755487,0.847216907454442,-0.299862687546793,1.5417407022269,0.581642598985687
1.84694871774859,2.02149143744468,-1.42754210707144,-0.896738144289053,-0.492665619150463,-0.886344521891101,2.05963320883867,1.90249272905159
-0.772296031100817,-0.0343590231663565,-0.546930630578257,-1.23739930538404,-0.11312990191875,-0.37772478762668,0.21559438274064,1.58009427643781
0.0419028470552758,-0.774063000023659,-1.23050361198024,0.238587252123929,-0.59593996292173,0.382010046019625,0.0924526903518735,0.921029054981125
0.431067421693822,-0.0908278652727527,0.0960679136165441,0.845658854435911,-0.176566452830621,0.429051463711104,-1.78014935879691,-0.93790246021644
0.12036536649774,-0.577424165932619,-2.27772387164454,-0.425389746723048,-0.788244804309534,0.675127674494214,-1.79655728639417,-0.737186211373274
0.202805281480509,-0.71855176502759,-0.11804365290642,-0.323598062701874,0.515810466553647,-0.551451619563213,0.74997818107396,0.179780786008462
0.194154727168526,-1.97437946038828,1.05815460258125,-0.548663858017295,0.264635515487561,0.0416375477317522,-0.249707136685453,-0.131830474073343
1.08657133869132,-1.55009278756672,0.436294948005208,-2.20044947106974,0.847288592158973,-0.167633325090293,-0.780486682335189,0.867926893465305
-2.74872364097591,-0.0293753893029918,1.41152366814881,-1.26313736748278,0.253375520601028,-0.615905591466678,-0.522232245348195,1.31439188441996
-0.00589180254124498,-0.647091903132727,-0.0146121712177825,-0.41637821672086,0.32694822230652,0.836755147035712,-0.472774429890457,-0.251119551662823
-0.250432973297586,1.3222829932266,-0.537791437512863,0.326857590138703,0.190687229927825,0.360159162962212,-0.124078969733911,-0.0717595121371191
-0.46870402149814,-1.85120590791259,-1.83476096798247,-0.844070275018183,1.54738715666563,-0.33964666912064,-1.09285851891197,1.09520871099522
0.144009406187684,-0.928690291216705,2.63553339652093,-1.21423342044141,-0.126953167001216,-0.398863611944826,0.209037776907674,0.48928036778197
0.53421096128228,0.502759230352672,0.290773882213948,-1.10618185055656,-0.35968214669723,-0.0281310957801481,0.27831853940996,-1.68015369718106
-0.284940424494448,0.46900410826905,1.06559864467389,0.796695025372485,0.279969141350798,-0.695221275739044,0.825250745246739,-0.811525459679546
0.0181335488587797,-0.440211913323811,0.535227282602097,0.277352631564569,-0.400518847787311,-0.893981662106172,-0.502302579391537,-0.752224890813265
-1.64991780934388,-1.00343111988398,-0.387343927846192,0.143552000426655,-1.32411540894396,-0.0702309054685428,1.58885837962605,-1.32591909291339
-1.11429094049181,-2.37124604951747,-0.319639202651887,0.780401289153117,-0.595304720384505,-0.394288090442357,-0.331446322028809,-0.181480854983845
-0.373310711431173,-0.47582499414656,-2.52452309398702,0.857441415847785,-0.557499078224825,-0.291554401395313,0.536820253178432,0.13141548695608
-0.170381047257563,0.469540855009131,-1.00628384970581,-0.625638087370599,0.469384089890604,0.447337901625709,-0.457399865216721,1.39382994884043
-1.06697713240512,-0.120966749908818,-0.424157077177942,-1.72288727877649,0.532322073854801,1.75418262250276,1.7073382038894,0.706213422777802
-1.18064434556317,-1.36919523479969,-0.661207110677132,-1.45784225481137,-0.208234113448259,-0.815755478983618,-0.476736158971245,1.16284681064975
0.612916814816418,0.955756233923989,0.727567325013974,0.900824520634748,0.232937912743316,1.87132912497854,0.928128864642483,-0.753687723707311
0.134828653192904,0.73696528673755,0.456614179939556,0.470812866650541,-0.890962639904641,0.134560126098517,-0.356407064307737,0.32192470229602
1.37690327012739,-0.190365722515714,-0.506170698227752,-1.39360567398766,-0.0981401966418858,-0.676434687496309,0.944901417053377,1.63570420209551
0.545738785212607,0.0822042352327541,-1.18464558746384,-0.414668993490137,-0.305495641603079,0.649470025028135,1.09116004156954,-0.647794522894829
-1.16563585373456,0.0736498852972556,0.781787476001563,-0.0640504587710012,0.692485525461812,0.392162331810489,-0.159755539278445,0.673263302065595
-2.21857327949006,0.178380943524724,-0.0803827224246509,0.118022180317756,0.863934718877824,-0.541531151645406,-0.333994780689395,1.2735554991388
0.139236703024912,0.771842378688223,0.334162413334626,-0.0611536033987494,-0.54893768521773,0.126580782820917,-0.562061122617206,-1.03981182138251
-0.227141607142595,-0.360321836539484,0.346039913624941,-0.831023318540768,-1.93012564505486,-1.43360013130047,-0.190801661824948,0.487950026443938
0.554559503688102,1.58899124623141,-0.119491833407183,1.10352894723569,0.060741832536927,-2.56110885712968,-0.432562976601051,-0.906753604093764
0.913972182976413,-1.14474168104245,0.716204805449069,-0.49987717607726,1.16890836671725,0.304150527982441,-1.88027510605712,-0.474703074987904
-0.200183410039571,-0.321951426457958,0.227944028218822,-0.949443041955014,1.11446157906594,-1.08325016040503,-0.271377197695829,-0.6660867279602
0.148786991660664,-0.800874394540186,0.0466564397736742,-1.96126240574363,0.627187924675274,0.634799767096895,0.291382381985352,-0.502019615157079
-0.721357482590995,-0.665742429598776,-1.06474652209276,-1.27565586154009,0.992312657279936,0.602914965594665,-0.752757081700773,-0.308886019824151
1.2012930968521,-1.65193582591131,0.0398599736636501,2.75655150458055,-0.931222706758027,1.01821648915762,-0.644023379947959,-0.836901296639812
0.0518852039158937,1.16573700620416,0.916864056141752,-0.597238258910735,-1.2568684692559,0.646056201229077,-0.606839817675066,-0.628323893767532
-0.532589246720483,0.0762817405343337,-0.408757914442316,1.4835404211378,0.459197685135895,0.771434893017953,-0.0399416544460759,0.500903457701237
-0.457453476485853,-0.126918742507837,0.4010766001426,-0.520716834343208,-0.154120644982934,-0.277830985855846,-0.818438302756822,1.67025361226242
1.81827281944575,0.096215314502102,0.634977399224949,1.02198853171777,-1.18580480470662,2.24075152300168,-1.24489392311688,-1.54173010203999
0.507958613771412,-0.710755553506105,3.33058499944513,-0.594337921975855,0.705855995638221,0.267794325149147,1.54322982406115,-0.272009122141325
0.420440280924548,-0.369953623231962,-0.718457860992337,-0.711015387311141,1.38024299987375,0.399586045754727,-0.557399481140247,0.341646737617443
0.336928312392419,0.897373705205049,-0.203966705428681,0.354569379587846,0.260770817574292,1.31947407498273,0.54163444970172,0.484366928609517
0.454330108190716,-0.0665676364020489,-0.429912322646474,0.159556288581577,0.280132342320718,-1.04338177367873,-1.17191523910027,0.952684217098205
0.472254359747473,0.51102210496236,-1.53296959441833,0.694370411385458,0.124152887753009,3.03153128676634,1.97637906673455,0.131350130467509
0.00637623523411432,0.655365430142152,0.183697860562045,-0.504597515059144,-0.707510343989603,-1.21610322275469,0.0092604758834072,-1.74191327333004
1.7115906067504,1.02816015610423,0.325417835540127,0.558382868494357,0.0204433685306881,1.42696805953897,1.16491727639343,0.667761311057022
-0.239429046105735,-0.534972233142168,-0.362456381681591,-0.69979881678268,0.855363668735283,1.33549138523363,0.77126865479319,0.898155876823478
-0.843438104440475,-0.745260075124438,-0.0449530456493715,0.824631338938087,-1.14276113080325,-0.667638020677635,-0.00831825985377412,-0.549315558176598
-0.412751293072427,0.379446320133454,-0.102380214332169,0.663361279188565,0.953700267237462,-1.97151647264772,0.314776406914573,-0.317500262732851
1.18296607313646,-0.942830015499938,-0.302207476831309,0.296808083153149,1.2561324193201,-0.913856140442743,-0.622065722284058,-0.582693311341944
0.78152064285355,1.175594457307,-0.853594868896981,-1.05716004125083,-0.0862968892400773,0.160035957068418,0.113027619912784,-0.164210931111285
1.17196201132763,-1.07333804139844,-0.719295939905001,-1.65004305167981,-0.114900254639606,0.464759669221791,0.855828460355743,-0.935133250760936
-0.21415293282688,1.0916149928591,-0.91703219879909,-0.600232981309766,1.37088609838353,0.315802826603575,-0.535514053594728,1.1881074079572
0.150936524702796,1.6264491335755,0.69891191907193,0.124185641970316,0.4738556898761,-0.470793147826341,-0.569847971848278,-1.21278830751644
-1.81430979242029,-1.28849632276303,-0.025877560840669,-1.53679662968743,0.444533985184485,-0.058318962212903,-0.204843048592897,-0.38117851459639
0.945596698383371,1.18211364448388,0.328050343183217,0.513270108829102,-0.149752107290351,1.78993101317942,0.760437026980245,1.32265339825821
-0.107487175860459,0.518985009721661,-0.701057374769319,1.61258497820209,-0.81615669578248,0.429518965535442,-0.985106047244813,0.385346276557207
0.0560385435736552,0.115657596944933,-2.16633852281771,-0.470378370403236,-0.451330465982129,-0.210909061576165,-1.05104682537323,-0.361821842924756
1.01349453416199,-0.237965023111328,0.0497732580787237,-0.145148221752644,0.41761967243166,0.0187987010978234,-0.290885838014411,-0.426376661970352
-0.273372627332765,-0.18570169250476,0.626116179073087,-1.02904369252278,-0.917636304099511,0.95701152218343,-0.264841011049485,0.387137939147853
0.430841310456162,0.882919045176515,1.14357524219861,-0.0585246946120709,-0.03074745211005,-0.317524956456203,0.690130066166532,0.902776951792058
-0.717847862328608,-0.64670136066614,-1.82165700760668,-0.881896886313969,-0.736043919584494,0.836741166356971,1.0773917624052,0.717775269897513
-0.531839351632113,-0.609795962843608,0.296885028427865,1.03380457639211,-1.34095100522014,-0.803088427259742,-1.06652814090852,1.73608073452882
0.541662508855142,3.09031352257961,0.158513910062322,0.77009274380139,1.63000438997828,-0.710928063812717,-1.90460662118514,-1.00883294040112
-0.211772194693872,1.59149582216295,0.0461496904435091,0.233032403693579,0.869528138096387,-0.800691625369644,-1.57078992270134,-0.180039404201094
-1.56565052391089,1.08725507426415,-0.110605642711332,-0.282184948383888,-0.206249502169776,-1.81628071346574,-1.19828557022183,-2.02654769464178
-0.537865066093256,0.958008314804069,1.94465361145007,1.63061990066601,1.14723638946523,1.42904837837663,-1.28939259352732,0.408937841099143
2.90950916042621,-0.0253737077087346,-1.15797497524033,-2.15799066403894,0.0830747682014593,1.23929396760332,-0.0875239957728118,0.734325119533222
0.492827187127413,-1.7395502135932,0.201390599305947,0.352232674145125,0.472195783509976,-0.684904599470593,-0.412604364637312,0.081967432557544
0.215098339176154,-0.191028098939113,0.441787611444532,0.671572312535585,0.429324255030583,0.52727556507711,1.60506046551839,-1.68651701996981
-0.409014743879362,0.761438251676395,-1.9767187342493,0.0454989832465581,0.302125397143606,1.35469544835408,0.738103405559513,-2.06171132798944
-1.81945096921125,0.671556648881851,0.438806572220905,1.32251282554863,0.0131415402847173,-0.855184353952521,-0.0260555075445495,1.82093715528291
0.135598306814047,1.60443461671876,1.45802758083287,-0.782952358013424,-0.0109741977856475,-0.97828386523177,-1.23875580771851,-1.24913154506588
-3.07896321755308,1.22216331648487,-0.286834147687735,0.0607610748903317,-0.723336552863046,-0.414366464156168,0.156999814705789,0.936316146764964
-0.923381458365138,0.453827076499485,-0.291272040152446,1.36494572393845,1.17838728941871,0.976281819927313,0.34632936930831,-0.171558720044122
-1.45512246804709,-0.551726935878759,-1.45621071805586,-0.895540548424849,-0.298062543842635,0.286227472642526,0.444587588323731,-0.0783691284249063
-0.213293850410608,-0.282671316242293,0.303052562331901,1.26009217681733,-0.0417824849941628,-0.160051271336772,-0.367617690626897,-0.610369208299823
1.07361725425455,0.510617655383815,1.03655424671513,-1.76693208904718,-1.07338279483444,1.10144116291089,-1.00165014442018,0.568875558793755
0.51594970924855,-0.471007983567079,-1.25741768708837,-0.228844471097173,0.0313116875501388,-1.09652918725823,1.56796964084256,-0.157197188250606
-0.443665953173889,-0.444756869603123,-1.35143256417341,1.42819992627737,1.50022426425723,-1.04861526035126,-0.54957781211351,-1.06850575015078
-1.62653795761762,1.45437212074733,-0.600420001596877,0.550636302940108,-1.11253279172083,0.0188387246858369,0.0434365108798171,-0.312522167189514
-0.533168110613641,-0.133780917799702,0.0960611302489281,-0.00520087345918974,0.721176505681395,0.372818700464659,0.693522768084589,-0.0171228886072979
-1.18557832617174,-1.58123810534799,1.12074216422164,0.257769108646557,-1.46470679000296,0.313781543293277,0.0263606031857818,-0.13233227456277
0.429481838840398,-2.19275142472681,0.562056733354769,-0.906448070870083,0.536052303513979,-0.944090201438732,-0.767542973403179,0.444685407579357
-0.585620614856441,0.245193294145767,-0.0822561896290159,-1.49665016788253,1.53804876904196,-0.409120365154999,1.6356456114755,0.401738556583068
1.41674406963607,-0.479060194310237,-0.843578031481676,-2.08678260394508,0.124076428465805,-0.254436544446181,-2.78654739191714,-2.51419021660211
-0.117376955207758,-0.397420283296695,0.0608991067004502,0.605136571944538,-1.15510327827249,0.18957986313521,0.470405509732475,-0.788492740881241
-1.5188601866462,-0.139619659412875,0.538866867694519,-1.92129750382367,1.71887536195279,0.15220577229698,1.50584881992212,-0.114016622596451
0.0792361301990659,0.0372325910783831,-0.721784691404919,0.394328665991215,-1.05003360521263,0.21972716416052,-0.133903775399098,0.474136975013849
0.717367667836473,-1.01910428366991,0.230002173722856,-1.81099116846338,-0.672970771949206,-0.746043315166915,-0.113111774030816,0.68491618008259
-0.495938823515462,-0.0253468654156336,0.270126734198969,0.502565704269541,0.438110400891298,0.562041450976744,-0.617495237970528,0.539770439528042
0.617738374578966,-2.19566416792923,1.32660077698515,0.275126279845424,0.375057488869723,1.04971225950855,2.43191954743746,-0.38044894647209
0.33930405842967,-0.93387407280418,1.556130662209,0.165866221710598,-0.0767409337663252,-0.198794878876675,1.62227306115017,1.44305669987945
0.384447387876511,-0.394164633060025,-1.8632330983027,-0.38138182408485,0.253089889913081,-0.344349208824594,-0.0333839568815251,-0.80929881461205
-0.326549398092085,0.277388200129363,1.09445742800147,1.25642763993948,0.437422735166904,0.504847650141517,-0.254173285583029,-1.47123105810081
-0.127644532625117,0.277813773213772,-0.64948412081592,0.843881275602727,-0.168873911622725,-0.826979955606459,-0.818624348478708,0.425422066090717
-0.134267390260558,1.26675585143554,-1.31239420097668,-1.2358973290381,0.265695022172578,1.73855094722681,1.53746535485854,0.964192731073671
-0.128478778727586,1.68232280307168,-0.606382667338401,-0.521026109887456,-0.37049845286083,-0.787586762397552,-1.60648616583061,0.970416516307489
-1.45573385036944,0.44496020229728,-0.477353467466016,0.415185388007627,-0.520170388995696,0.0223503414730688,-0.866217295580151,0.522313559461281
-0.018265990348026,-0.826574753985311,0.312420307934394,-0.379146430550706,-0.510952998126426,-0.783409756212793,-0.438365134176043,0.874778961705717
-1.19043681981953,0.533259551256736,-0.215758550505995,1.07465832935436,0.0789481940276551,-0.449150616611177,-1.08958632329993,0.158066391065577
0.127946580186515,1.2526915317511,-1.35211697425882,-1.25926384643998,-1.0099985094552,-0.155957751012345,-1.22077484335282,1.56568859777385
-1.16644533258561,1.12825101338352,-0.348265371537667,0.524502931322847,-0.698528526159154,1.02232265879053,0.707434121580697,1.35275777249813
1.36276521800504,0.102478713143925,-1.90729416893057,0.724489315336337,-0.12050401381804,-0.410109657116414,-0.0698640269639788,0.0925281753574499
0.820975155773298,-1.45560402244,1.5823160148774,0.345235292046304,0.357625825611582,-0.0321492939119961,-0.486312174994287,0.78252328837057
-0.539193124703502,-1.28871468603381,-0.643684362337669,0.247244221887584,-0.204549747870205,-0.160948710969284,-0.256622627144152,1.11002439426278
2.06461263210063,-0.366104907807884,0.695392761549661,-1.3566897114212,-0.00245295590561615,1.20001966728388,-0.106983706615299,1.49994653639284
1.13935711894375,0.52062047239549,0.667289163294482,1.66391271165901,-0.629797476020557,-2.01056314940377,-0.948869550730126,-0.13238084723952
0.853397161099404,-0.589407405961314,-0.654413203987753,-0.13997829482313,-1.52140203440815,0.56477182112653,-0.211282481005717,1.25779969235114
-2.07275072694026,-1.56882947713104,-1.52724053071182,-1.26615209584697,-0.603752580763428,0.0777952478003357,-0.860311942077921,1.09329276803645
-1.26575400597819,1.32098988165658,-1.53156788231229,-0.989694170784376,-0.592430517071098,-1.45791538400328,0.808731785589747,0.975221271033988
-0.70228083613723,-0.452561481894835,0.807009714742315,-1.44571221342613,1.43032408564689,0.0288877254117048,0.489245779219772,1.20028582109602
-0.327693685580524,1.0003735026728,-0.119675243824767,-0.934841196938327,1.02431461148193,-0.0733533015829575,-0.347189159621094,-0.107283364078212
-1.31155136435135,0.43710429413519,1.06289635094179,0.611140822983546,0.509680105526777,-0.027221874046443,0.331162417850191,0.619499243862097
0.655080616885059,-1.3052573805649,-0.467908729443711,-0.330262478509899,1.22277526925386,0.616537787156966,-0.851719633597545,1.09096850781688
-0.522712044450634,0.0551431456297881,-2.92728978979146,0.190534702197106,0.0820233475311725,0.0149766360589143,-0.610648829845042,-0.442034876465545
-0.165371801417419,0.673866425789854,-1.08513100581885,0.808242234192887,-0.568903397873248,0.690668214464169,-0.621177050322791,-1.28079319562992
-0.548545699795532,-0.685731538589049,0.795715184956298,-0.667199122668384,0.858320244782255,1.71905755922226,0.20704791842395,0.658783497292112
-0.0882593828197086,-0.694316724451659,0.207817784033834,0.757302345569743,-0.67835736646847,0.695478812100613,0.0534339839457285,0.201029423082216
1.37217994978087,0.320326000734923,1.87070236364856,-0.185804983382758,-0.780684927605868,-0.120866450823549,-2.02797865967682,0.450019610483164
-1.83047144082521,-1.0378472057455,0.346524811477272,-0.296453687870504,0.54239016691065,-0.707772061719344,-0.980286550150057,-0.0130688239284004
-0.961464463422431,-0.6816911430403,-1.7931118335068,0.330223310529171,-0.581689946172959,1.84181723583487,-0.487992439761276,-0.846482091349496
-0.470914614668697,1.32580856725878,2.48267704133242,-0.173929740789854,-1.04212086623683,-0.3817500754376,-0.2152569952991,0.48271838321223
0.554739930695867,-0.343829275769617,1.07295348513829,-0.578969639877976,-0.786989413965898,1.04900515460642,-0.513446043371165,0.93312086025458
-1.02308513947566,0.454657785324983,-1.45994761567072,1.70021208670549,-0.637329044214749,0.855347536811879,0.654393976633658,0.291700623649023
-0.524780785456312,-0.488812553960986,0.220999235306068,0.0484537231762492,-1.37133667630441,0.675975313342624,1.29586829495596,-0.213393653418023
0.703483761092186,-1.54366226852573,-0.0445165447088737,0.0217692522318746,-0.74221741847227,0.389896027500289,1.00714140111907,-0.0407054158037979
-1.22793471775542,-0.478442609220632,-0.757763901073562,-0.404052971097148,0.526999428607622,-0.568659496206072,0.386946384545355,-0.228028280570668
1.04760898462143,-0.561534735700751,-1.81365076577705,-1.46924374645131,2.16496649463343,0.769344643393044,1.08253278626449,-1.38110478219011
0.342178667824183,0.201080589614011,-0.9469178793546,1.25158958440742,-0.587275097287016,-0.114945924761806,1.18261833591971,0.265064182423843
0.5699124110358,-0.50304687968937,0.274561582954602,-0.962664247605669,0.598614836204345,0.0197087841501568,0.554827814956956,1.06207319859548
-0.0148889686424197,1.01039161596697,-0.555907242817071,0.113565266982562,1.78006339581892,-0.0324181217778861,1.99557918938698,0.0585482111133969
-0.997451958416482,-2.055807061704,-0.857137546258483,0.0565248024753894,-0.0158342884239148,-0.452647404068057,-0.25286494183828,-0.564600543567653
-1.59952764500167,0.388990054789926,0.0491404749912002,1.14785617682984,-0.379482374483499,-1.19105694510244,0.348020502119548,0.662650837765089
0.153380701845757,-0.532222043485058,2.60576527427717,-0.2530759901048,0.209945878160831,-0.418523506974448,-0.455113439540835,1.20907383573048
0.71555735260336,0.964597311117554,0.245635087607475,-0.818370562401541,0.207868154416698,1.23770889544282,-0.635707416807251,0.454821483192868
0.724202711399354,0.0682443062845967,0.769333392684599,-0.565512385426876,-0.822603488242271,2.00425013255466,-0.979856566781049,0.493571331517355
-0.0860457477298147,1.63185452451737,-0.541381747593523,0.13718861688686,0.113695304456734,-0.0399778414435044,-0.761492033209059,0.221620623543959
1.64813644124668,-0.408515881311986,-1.55741136172396,-0.190661776394295,-0.592691955950384,0.633141605985489,-1.28354682582342,-0.574644110850066
0.185027816292804,-0.317511322376773,-1.1270862239753,-1.47157340985996,-1.0972065039078,0.433266100298213,-0.301250300295796,0.132270226099234
-0.402985410257424,0.475253267056546,0.542286995238034,1.03394832170821,0.11850935204548,-1.65425284103129,-0.707231765490763,1.12863979021272
0.105222786683522,1.05348460245452,0.0481738842773673,-0.478966147019005,0.899086076537726,0.188184231897974,1.55702616267397,-0.0560058876088767
-0.615970146656799,-1.20793479868378,-0.0471351561298358,2.52219346202347,0.597756084195804,-0.911848281275914,0.527933299837838,0.70626587569923
0.687530550436664,-2.65004584503455,0.860924914655298,-0.0149444865610212,0.00174669972935613,-1.59161179645781,-1.93426216622645,-0.0605509068779046
1.55675277371664,-0.190413736257164,2.08114338425341,-0.254448988868473,0.702748488622471,-0.701184278690483,1.16869127137959,0.590248522323858
1.04008618194519,0.248909510968605,0.962929642658448,0.0856989769553652,1.07915798787717,1.68131314886319,-0.534181837290293,-0.619607243219272
0.248261614820494,1.52318670165352,-0.334799876153928,0.221273956668052,-0.14079630357574,0.0912187577322091,-1.57792674948187,-1.19028007450902
-1.36080362797547,-0.260697164013104,0.301131513767468,0.547586988525954,-0.327802879809437,-1.07438354916023,0.531171627645441,-2.43535608455302
-0.636671631102359,0.0918142089515294,0.94112483551276,2.62685592267252,0.711653893152618,0.716169313858219,1.22511521695696,0.732005574443349
0.403044332731673,0.670473354033656,0.070397969600041,-1.94297831928818,-0.00837290488832233,0.491695156869733,0.291685773560824,0.346812406901964
-0.0765999744909679,-0.618476118422609,1.47341898605694,-1.01226031633861,1.86865152709162,-0.309466184989603,0.403925540778697,0.728087034044841
1.38243583506178,-1.01399645140784,1.23602036612457,-0.684035715393763,-1.29595644426408,0.559337863229137,-0.798312669983457,0.571159669946689
0.660856078828915,-0.229920814843503,0.59916467035737,0.307997874544183,-1.49344807770483,-0.284337986884396,-0.149491824937478,-1.77757427033886
-1.43369361085013,-1.77664420015924,-1.55638691699398,-0.375650203950185,-1.06278230030141,-1.27458154470393,-0.0983108997021964,0.103378785092205
0.632975922545199,0.505545304402722,-1.19607030942826,0.562416535537842,0.138784479630283,-1.25788540050743,-0.231040206201703,1.93484773576534
0.668609506858593,-1.03635312462734,-1.00894022754318,-1.39043735807912,-0.0580950284226242,-0.136600005637139,0.733190783650462,0.930673003194428
1.75070022007147,-1.55560862919194,1.0476219401897,1.15489052046223,-0.238081779875756,-0.958358191690428,-0.772981815180994,-0.150834641352385
0.0853257170035531,0.0585403778227951,-0.0259256922991059,0.264918739532981,0.936041981193275,-0.524174280438582,-0.322305261003668,-0.468199057423316
0.263015304476001,0.478398279880493,1.90111630924228,0.329842329114951,-0.152476651867221,0.0530228378042472,-0.447518979191594,-0.365286681715682
-1.57540912635519,-0.234531471631652,-0.120378484439199,-1.2299689992653,0.516166982474999,0.144802481226093,0.41500623942849,0.258134508561323
-0.460339097298518,0.530901949613375,-0.0105390071954995,-0.595416872927518,1.62745578915091,-1.56550945681662,1.25908713763592,0.185359866174179
-1.49354921025937,0.75417919301752,-0.224091536315099,0.164204611220001,1.15814676477615,0.313200690118191,1.77640818898443,-0.894565056377668
-0.147965019754107,0.681866867329221,1.28392055595466,-0.765478299118492,-0.487678558331433,-0.0930932643215413,2.09160763818361,-0.454424734638397
-0.779475521158074,-0.207920445717749,1.05382092017705,0.815680225595676,2.21982505984415,0.644212377903163,-1.00456650796643,-0.283016085442987
-1.28807716067653,0.265347410625087,0.186586766332063,-0.635371363847256,0.971984817315735,0.855336506135217,-0.73112597068625,1.0965016697491
-0.004485191472662,-0.552270228683566,-0.500260714863253,-0.788646378653007,0.23162882549763,-1.31677634263893,1.94210083189885,1.01779685288917
-0.840699961301649,1.50969358156139,-0.375385305691725,0.467235949842144,-1.06478143865232,0.634821540602438,0.37535998965125,0.302554910282198
1.26778117114192,-0.719972567826845,-0.363024984071078,-0.895655120528461,1.70289113420956,0.157591950445122,-0.552787956133793,-1.26092761408426
2.22738352835862,-1.15255937334461,0.681226605325268,0.969757448581258,-0.111597094893129,1.30107940112,1.40117547842848,0.24015107577373
0.152662012471871,-0.62617712169665,1.01389879318122,-1.51383878366301,-0.1138547731612,0.188400502007146,-1.55372072838354,0.783437891020231
0.282260300167546,-0.69426175748046,1.64503080639738,-0.732659090495896,0.029379266938307,-0.738767644823713,-0.463977033600686,-0.193020073444622
-1.9583449489838,-1.27854946416976,1.0382472214358,2.03439453006692,0.226027565746891,-2.04634983751058,-0.937723084349903,-1.3070100021039
1.49739405440362,-1.27694463076303,-1.07794291043169,-0.849308878407852,2.21280110575576,-1.01897109728136,1.11893721629205,-0.765599676563904
-0.623825627076611,1.72933744000921,1.00603946532471,-0.466527652536743,1.35253861143948,-1.20793403254876,1.95680674465721,0.782553466403131
0.390898555416019,0.0671331618887294,0.126451469584363,0.277804991791773,-0.0803411956061066,0.154685600988227,0.741884658170641,-0.0686625594069739
-0.201298040688495,-0.923766754374762,-0.709174692765667,0.3561322891159,1.5894503895226,-1.34671378916706,1.49709833261135,0.383216452505018
0.343561984023575,1.06710768062141,-0.200848252362036,2.92856814963838,-0.351702359475534,-1.39893153259691,1.56350035114914,0.311428872805813
-0.0863922728385565,-0.958446242877687,-0.14433814626398,1.39974017211125,-1.06674382569147,0.141878119333579,0.696604517751617,0.752057378005414
0.130692157622464,1.53423748896166,0.00196290731841461,-0.506998925354545,-0.455635889383618,1.90603253107851,-0.508504619093787,0.95719176859793
-1.06405666045675,-0.291629048383316,0.141720330687094,0.664353013685049,-0.607059604081875,-0.867659704618911,0.907903858166693,0.441503893397335
0.132694805336031,-0.768653762967123,-0.13550368289592,1.42137375098827,-0.124683328751038,-1.59634329279778,0.33005997924748,0.553145772043315
-1.48837002901631,1.32030048144525,-0.44464975863271,-0.04925729880032,-0.0686857072357132,-2.3201872678548,-1.11997560635349,0.367188117765463
-0.10856654952356,-0.557704768103784,1.23250310852791,-2.42801655841963,0.826193283871249,-0.885673968347257,-0.558516101053968,-1.14469695986121
0.182589623369832,0.00894433936374391,1.44707009320927,-0.307058396830644,-0.704993273176405,0.541152429601134,1.49584858112078,0.927483947440828
-0.27844561317168,0.727160552999026,0.545106281328292,-1.29908184034599,1.00022155879891,-0.173102229596032,-1.15252476784046,1.04773482907416
0.3257195297699,0.290380860777253,0.0698406735907149,0.584733585909714,-0.3063738286242,0.02172714117654,0.323798686753765,0.329095678914958
0.884995339799299,-0.639049499481868,1.42217005747955,-0.108411839743801,0.511818711444194,0.678086844950518,-0.761350834098497,-0.239673983607657
-1.5939985217321,-2.10629281901201,-0.368797223303774,1.04900842431231,1.83868231157683,1.46422514054573,0.55999754348642,-0.567836577261864
-1.45536067401225,-0.782104727218307,-0.301366363600471,-1.01469728168896,0.13594850387651,-1.92764207613289,-0.984241922984037,-1.56460993055658
-0.61977568944678,0.682497300525407,0.056775356075792,1.15346374697829,0.50154132277655,-0.430892023256175,-1.25663486268409,0.029717994837088
0.428207743879076,1.07641664711184,0.99610522021506,-1.16217792474585,-0.693892974097155,-0.730499570678076,0.221733619351458,0.607177820669453
0.345703163444325,0.245633669422263,-0.101873208791197,1.51299573953752,0.232000957116354,-0.679855397190536,-0.886105611388477,0.960290156087753
-0.355340755001851,0.927113355709244,0.549226152660312,0.179667523926058,-0.788670154047826,-2.57371961766982,1.3092343967782,-0.125536598922671
0.580104779822905,0.322814249491288,-0.100126677922053,1.19312192967137,-0.171642600675273,-1.30596482038389,0.521139899018232,-0.482563780323525
2.078772331111,1.45225289538037,0.223005932620624,-1.42725345242983,-0.707631147292879,1.20115620355052,-0.341222099431248,1.72041001229583
-1.07904936270357,1.49913210521744,-1.97803761281511,0.86346467890149,0.0904031434772605,0.687023447626837,-0.346560789313868,1.71162305432484
-0.846084930547681,-0.58331493140101,1.39671091242909,-0.594267040244355,-0.880928064549088,0.0911241431745334,-1.99823740481207,2.39195255912179
-1.82999614572789,0.0201610586366617,1.00655608441018,-1.5386655434416,0.85711512711123,0.713415998189391,-0.0105122587651601,-0.937242206055598
0.133610744632336,0.601275931364651,-1.06020046693938,1.2619765219638,0.263801772101978,-1.37253255975404,2.1838217673483,-1.28384148977317
0.794793543289386,1.28332506858979,-2.47485376197325,0.410799303707432,-1.28276617759648,-0.155950694808477,0.307750536524982,0.162596421137131
-0.371500827123234,0.147652015778453,1.65683497806481,-0.15799744164012,-1.95944619633805,-0.372594151743953,-1.02435925743257,0.389030292540362
1.09004908820576,-0.514832530169738,0.059075275499662,0.228192108693099,-1.50483885474242,0.749359317797519,0.334724533087895,0.684993179391852
-0.231560754617726,-0.0299040133691743,0.933868709569782,-0.484149121224229,-0.933753842934672,1.48141436795862,0.72875456186968,-0.491819458575435
0.243704350261723,-1.33297545280476,0.592923874710956,-1.36161485046519,-0.0111198012698655,-0.873946134398782,-1.32284381849074,-0.198801438477321
1.01388342980217,-0.53220112135635,0.41365008733914,-2.11188116141176,0.383329152097382,1.08542860055773,0.526785265885671,-0.30830493154051
0.58791304678083,-0.859533712966251,1.17363659156823,-1.7163412059744,-1.20997169852023,0.0563867482352713,1.42816055555975,-1.97099899948716
0.315685111601659,0.182305453325995,0.475997361645693,-0.469501965039344,-1.79280633348584,1.27915484703761,0.228150759725549,-0.82212635406128
1.42647673256616,-0.244131824014812,-1.70497288059635,0.672128778553799,-0.498300251136006,0.98537544893748,-0.300527793398679,0.0673233342045906
-0.914058512648529,1.14566380788126,0.67967056745128,-0.104974354018679,-1.70918963059248,-0.932721412554062,-1.01430781518347,-0.415628284886579
-0.464747795930261,0.196432176987281,-0.340339864806258,0.134310122427389,-0.239670082564551,1.91506050404584,0.0701276266286603,0.841799297188167
0.29620081599226,-1.13353458935084,0.193926272546492,-0.454543152201498,-1.15644415935723,-1.43916298063686,-1.01091115325702,0.593506979544387
-0.357042534394588,0.439260709063294,0.219588204598459,0.312671318126405,0.444698598097286,0.214875193589177,-0.332059669293899,0.299008812951326
-0.56385667214771,-0.995212278451875,0.343217151082968,0.814167984439559,-0.639050052860716,1.58188927985701,-0.416500672125759,0.620326156082682
0.72038199465254,0.207316467633817,-0.557705597024541,-0.745204871697092,0.0664037443132657,-1.50495825553844,-0.047305299756281,2.05474972675294
-0.507635058061088,2.44525906224664,-0.571439067199051,-1.26742182861168,-0.964953653139359,-0.334211681488175,0.465511001551519,-0.251803956186971
0.395061515612728,-0.437642326215173,-1.07418376820088,0.543617382307328,1.73496476955279,-0.387163174106884,-0.421293023218951,2.66358780500362
-0.18337127155739,0.201665650883188,1.09703392465803,-0.644216249494075,0.0858902700904715,0.159929572346446,0.0696304893354206,1.85782435021637
-0.435802438576956,1.14581241425128,0.0939302888276729,-2.21430823978276,-0.276903339742489,0.583250306689581,-1.71378648059199,1.26471132526969
0.457254172915096,-1.01509193006976,0.45321696160044,0.246422699351345,-1.32654133021849,-0.284635980130942,1.00233616637074,-1.96884241218256
0.291098344535307,1.25432309098652,1.03483275491613,0.598082263443027,0.34015664376245,0.438555602908061,-0.991384698940371,-0.564915590064609
-1.97370706520502,-0.40082769808565,-1.15603300644737,0.703215401715017,-1.09446152590287,2.17504689753659,-0.280716033426508,-1.31721381000043
-0.339056554606073,0.832695096636849,-1.13476891047294,0.370728474810395,-1.16770818193358,1.55447875675921,0.169868141000461,0.202111296301692
-1.07861309311775,-0.533797200110324,-0.176269563047516,-0.0793078342133426,-0.707338272275974,1.73057220997463,0.894897805199744,-1.05840104535754
0.111895664685945,1.73070993621471,0.690617470849694,0.123388640730207,-0.665237282894791,0.547118868245335,-0.80102224025788,-0.439970170431396
-0.717465469357702,1.19319680724429,-0.868925241299089,1.93538625866829,-0.622128775657547,-0.68993161260092,0.0268223392721007,1.4778867474155
-0.0141590699452061,-0.686126695141975,-0.751541268801572,0.0462642845361362,1.66060161219815,0.371067237486626,-0.587760965336894,-1.22825856654084
1.25357795664745,1.82920983625287,0.534177845891724,-0.351539980870224,0.648143486524696,0.679083439064369,-1.08704137231611,-1.84668408527286
1.70175282815211,-0.279439432649964,0.31429429529651,1.39183715347991,1.35624576135117,1.03384895435876,-0.0363348633851657,-0.747604168285175
0.79854586307457,0.806608112773859,0.557116718558999,1.15719599400991,-2.6790405995328,0.757878816269624,-0.170557501365169,-0.256307945061264
-1.59811974378743,0.177877281614629,0.692532820404488,1.70808650518671,-0.27661295979064,-0.601229051480636,-0.0407166159787858,0.683925771632292
1.46719868229229,-0.0048724896604177,1.04452525927724,0.965419035939973,-0.149841824784831,-1.29143741951081,-1.03047740559628,0.118212709718681
1.07507162087436,2.03099491240794,-1.73673970450226,0.55859940483064,-0.322855459616955,-1.36097002958136,-0.51447231021607,-0.352345858619233
0.253438093812876,-1.53861731574165,0.144679679662558,1.39018975402198,1.64855875052036,-0.547792417233782,0.333145715961546,0.23460685223951
