-1.13821771575528,1.62699807149858,-0.662703348995109,0.935484596967842,-0.892936446903841,0.107799977420109,-0.137038956829966,1.33150335823808
0.301031880504021,0.660437695288412,0.643925308143947,0.788261209618102,0.764206041792382,0.118925884482602,-0.990395232712367,0.868308936930317
1.03669778122534,1.41710455082406,0.935732956850201,-1.00819440802107,0.221816904877975,0.718439074499713,1.04440306557948,0.340047750289938
-0.0202535714621205,-0.253230724325612,-1.42647266092827,-0.115330252659969,-0.469938320395038,0.739080245963183,1.82465894814229,-0.910597972846734
1.1856313534423,0.45042330398921,1.76636235557801,0.419143553708661,-0.437105642374292,-1.3552588764761,0.703412416013297,1.33258916717316
-0.332621836738394,1.30136559392358,-0.0397514473009239,-1.14297209730828,-2.05139705967615,1.29052140818535,-0.822152112119432,-0.126329092930486
1.01989307733301,-0.293317317970306,-1.50262535212835,-0.223477158565947,-0.160792631708102,0.573419623750492,-0.449313075723322,-0.351599143580063
-1.34598729008555,0.569216162243454,-0.424962838922548,-1.41641102587051,0.530750113421011,-0.949554704225837,0.703209688729577,0.0301429071559738
0.0452499310451861,-1.40568651843696,-0.649288693779292,-0.262299355189218,0.264524001313442,-0.989689088666887,0.0622279354932586,1.06832199393088
0.569785735458534,-0.293135697286055,1.57045359615687,0.228028680925407,-0.331936206554382,-0.409487483723991,1.02643659137906,0.118574780832222
-1.04804140472384,-0.1195459812772,-2.19104822107696,0.336119621999741,1.06507411051728,-0.535835649702402,-0.981914652883153,-1.13658952904347
-1.47655098299399,-0.70002519983226,-0.807093043918352,0.683450879793088,-0.396401992535159,0.96550133830607,1.53616591909583,-0.280848794491284
-0.591176286393067,-1.57701610950513,0.386848392810026,0.980724754012804,0.615846646251666,1.01864317888821,-0.287880509450705,-0.806209889631774
-0.259008670503973,0.28758377188895,0.742924973414299,-0.215531449791738,-1.15776663661955,0.211296546190327,-0.711299850589535,-0.2718011413568
1.3568367995141,0.24020214694446,-1.62481574939049,0.961221259640443,-0.193038736530193,1.02636125685884,-1.17495554726921,-1.25132403535179
-1.00565015870534,0.622444973811467,1.36802471464545,1.03495950509405,0.286296471601519,0.109824352728596,0.855772617627483,0.355771785971102
1.04422245658987,0.968519090035577,-1.40883947279049,-0.156909876548621,0.721219068010053,1.32661155140148,-0.336176306074263,-0.344792361939629
-0.259321583383639,-0.874529952778898,-0.882166274892786,0.110775061406007,0.038690492815543,1.21862303603963,-0.274188449075169,-0.883857188829566
-0.619202166209793,0.262285343806545,-0.346559309228247,0.909422701776891,0.343144776762392,-1.26875368506211,-0.377295149364277,-0.581253602046086
-0.35101410044841,0.145016385203202,0.842839428464592,-0.0660643933987478,1.25609800852021,0.836290573221321,-1.03973236964714,1.27044079137171
2.13619851804298,1.19755010453253,0.550730274812918,-0.726757436375342,1.24418606023179,0.367966972987212,-0.708397964942672,-1.19507534825413
-0.615996554789966,0.924739306949179,0.00508856403754052,-0.50838131496088,-0.563122990257193,-0.21976248049136,-0.119188585540876,0.486046198797144
1.51393646918818,-0.78384661107438,0.877320644552989,-0.643456736696356,0.234617552304719,0.84088774402673,2.16942375615576,0.168948794699201
0.0855541983851498,-1.81506837287796,-0.543540979575609,-1.08409581647041,1.54734109010665,-0.450086541590375,-0.376630748031641,-1.1936221983214
-0.502599618425573,-0.81184821144471,1.57221602093947,1.23290152670721,0.166981465762752,-0.565846194247671,0.79868608841219,0.0400709894872809
0.705825231566484,0.988930117320439,0.0919459707104504,-2.08501311285683,0.0315005598660778,0.566465970526184,-0.942027837672034,-0.925343811977763
0.119693663472271,-0.00738261346013075,-1.84155805292057,-0.0921577555339722,1.41884024717688,-0.10594413643264,0.873113008777004,0.83587925924986
-0.0856947496367714,-0.203718848883396,-0.904067131234467,0.129625547627485,0.892036191440565,0.095585752663733,0.895998161819019,0.551277795146171
0.482051619223515,-0.696743068234251,-0.985648248670436,0.206292670096798,-0.657065032281622,1.14726850195347,0.715521540660951,-0.117020603391453
-0.475970891943947,-0.625024201382777,-1.12982857374225,-0.213480758959042,0.00379800051311589,-0.495546863879656,0.371602259636325,-0.989205877932816
2.1170406618183,0.463203925087609,0.660785935114777,-1.52698379037914,-1.12407281870118,0.241709112807007,-1.825200906406,-0.519874084532538
0.0990268137611605,0.758129847815716,-1.20781555553875,-0.544219019846941,-0.248695959174611,0.767681548969787,-0.141596431265804,-0.498133069297453
0.806671070041939,0.506399851710117,-0.000198475135093903,-1.02781224455891,0.898670121720836,-1.16526740652987,0.601389996456735,0.345398608629616
1.01691909703172,0.18001758299783,-0.121540448241301,0.687556312307741,-1.28809437388142,0.102890577329653,-1.80928951870725,1.2462364653788
-0.933398208336765,1.16902018162204,-0.773620120118065,-0.39327924244944,1.02161363396698,-0.16962865300912,-0.418912597014845,0.758683633307402
1.4725052217585,-0.180397613560248,0.108789979909811,0.475658343737711,-0.384249677873042,0.457273706678973,1.1975469186449,-0.445108582667345
0.984959869979182,-0.0162853893552594,-0.702664332208398,-0.0634532043301441,-0.697426245728988,0.262057715350802,0.0337632862979826,-1.88298597391331
-0.746685367303648,-0.979520905778734,1.8479700141419,-0.559047499260581,-0.734418925193085,0.0291267125115371,1.35630945427984,-0.735889211968009
0.315409180149074,0.200608744874395,-1.51002973203894,-0.735397042749202,-2.12973910567076,-0.821387243509628,-0.338328425248621,0.352667634984165
-0.914330774385385,-0.147476046615075,0.265104717297164,-1.38661988993842,-0.0942517170315451,0.923373876377268,1.23867434576842,-1.06112386786725
1.23036836323827,-1.01987656221328,-0.499712969058146,-0.799173659907717,-1.15204568929005,1.49288083711169,0.15980146634211,-0.00516371150705301
-0.0265872697337498,0.555248269029618,-0.20950358678662,-0.611219404336767,-1.67916880969926,0.49234112231806,0.678256987723615,1.47261976034936
0.909716979818732,0.269995858556374,-1.73037940557273,-0.110223485241791,-0.00498944168527764,0.845267796218795,-1.44173295161301,1.62546621325759
0.0592566556918266,2.06148046569074,0.841644838947588,0.414258701179269,-0.587497166470807,0.0482351030827671,-1.47952894887598,0.175817535548203
0.268028687821946,0.516727520198885,0.216089758088241,0.230095272512933,-0.39926893875734,-0.394427185944665,0.488351080329784,1.76980511570823
-0.494215136625386,0.51782043804463,1.09559553571099,0.85703099630909,0.124209231387539,0.18061323651713,-0.358709438250004,0.569826242014612
-0.45913713060209,-0.176405111456192,0.621104765042856,0.0482087322553789,0.164378221436594,-1.55270727099177,-1.82518081108445,0.708937056521803
-0.18801110880497,-1.09241927256774,-0.795489794118014,1.02334845091801,-0.350085906514244,1.65925761918621,-0.453066069135396,0.556559892705231
2.42564917430899,-1.18631716202449,-1.22183756789466,-0.181992873626858,-0.285286173749162,0.930519045214425,-0.355550289830693,-0.493042496835353
0.87054501690585,0.33836747585479,-0.510836205911017,-0.290128384322202,-0.397826447296348,-1.83277980945398,-0.854769692324158,0.196017778912826
0.561763492542188,1.53375814047501,0.519537779731999,0.815203911371096,-0.256379749621364,-1.31279579013777,-1.24682249897866,0.517741470328526
0.549710132521352,0.377797768009145,-1.10493667617681,0.322332331608368,-0.935474079412359,0.575379839236138,0.221765437890746,1.18552780264373
2.39834167247327,0.953229964490745,-0.244886208821405,0.138374675429518,-1.30746924537615,-0.160987931191252,0.335632254538867,-2.5713507200111
0.457320777118,-0.490143476221673,-2.18573122348647,-0.451012495444746,-1.1252887890304,-0.0304425734247662,-0.802490192561741,-0.853990604924124
0.655073906124741,0.313562092277731,-0.984413066772079,-0.153040599206172,0.527862710903197,-1.60213562370651,1.32374444312423,1.38665993518599
-0.613478990628646,-0.263804921442268,0.473449713924955,-0.879002127680258,0.00544230480228758,0.125498069688692,-0.487408627981368,0.651926218403518
-0.0186905128439662,-0.792182333038235,0.816466124240598,-0.192706939633842,0.899863619361287,0.180544925474904,-1.98069772187874,0.217805973747717
-1.03804565361333,0.744095347570859,1.39092067450908,0.194885569504571,1.17998612223044,0.635109169423541,0.0229031845453566,0.522585860128067
0.545862210556722,-0.280556032972732,0.419890855243628,1.59487808488379,-0.763704424112163,-1.47269649129753,0.813618492476515,1.18327971934297
-0.669398640302014,-3.21693780735319,0.361253119112972,-0.44194328872128,-1.05667419261514,1.02028204840325,-1.89752513638925,-0.945286304692193
1.36479588730595,1.93476920767135,-0.978287107887355,-0.421970829486422,-1.86063766923852,-1.06160602612126,1.87751377371239,0.411033306009504
0.978850797399278,-0.298757863165403,-1.97882519972908,0.225809147824111,-0.211110269031426,0.0605413091054405,-0.290668144574766,-1.88094556259862
-0.0662685311500735,0.382981245942498,0.994517779459471,0.146405492458328,0.691298097297892,1.5133235981212,-0.822881574788477,0.132085151220362
-0.357878383014723,-0.454387488561413,0.538026216443103,0.0096901688332143,1.49820464974061,1.32950888272127,0.283705164163604,0.0961661956347904
-1.37443378703461,0.156459197559883,0.44552059473558,0.10759871532632,0.0760728981841686,0.388209322092763,-0.539497088381946,1.25998411927695
0.850664975959693,-0.261264028248596,0.654221399467328,-2.04953148859614,-0.464790937150884,1.06192292797455,0.949736885201853,-0.734737526302146
0.858154759083652,-0.061447954518185,-0.437986823309444,1.31402989498795,0.220293491769852,-1.15255210667724,1.32790374465978,0.545428503952579
-0.0995527841719122,-0.434895235005114,1.12265123705066,0.618040254634025,-0.821788562782971,0.824067171053718,0.437384939932077,0.955807204588357
2.10403306862509,-1.10366565743842,0.959860463231492,-0.419264903307037,0.0905956249957995,0.91364021136502,-0.00551014381366084,-0.706706433661172
0.594185494444346,-0.458782178276492,-0.288594939560957,-0.654618940706878,-0.080848464678615,-1.02916267140219,-1.70332881425272,0.311627739798546
0.601985874617365,0.294172841338131,-0.615942909313435,-0.690146722893496,-1.23846052358016,0.13901028409397,-0.763793083396742,0.0487620815554179
0.0231209342246506,-0.194776559310942,-0.0506167187498482,-1.67926866477188,-0.336427444529613,2.85835640627878,0.0218135345950583,-0.173823603615291
0.768641790229089,1.59767247784946,0.669184474371183,-0.248168944708585,0.462541791242243,0.961787840638501,-1.99821831176858,-0.498255315869469
-0.742817420686011,3.09544211086236,1.14987510804968,1.19335491749479,1.42466691650241,1.24488520773532,-1.05393486126757,-0.662302786127527
-0.0963053514624111,-0.755795749957357,0.989451686972913,-1.56357295821826,0.550282297998447,0.607051334658582,0.149504410953388,-1.16796591131748
-0.995230725065126,-0.872356756878401,-1.8928874550771,-1.74518919901296,1.94251806797271,-1.15782899499559,-1.23190568742139,-0.463312322278819
-1.23126238161036,-1.0529906645043,0.294596877926209,-0.0240947299120074,-0.693621396567504,-1.89890764213034,-0.771231225423746,-0.93003836070673
-1.83765438454423,-0.975599610882658,-3.06887349264709,-1.34818946371968,0.185088308183656,-0.0801909629482009,0.301260209590365,-0.0461557809171419
1.58975237376475,-0.11210814568161,-1.59877929848844,-0.287205631614119,-0.1668707915007,-1.0157719557554,0.189428991218742,1.56503527423856
-2.03184850099649,0.345422592120493,-0.846317504691322,-0.75126503779285,0.147515922933396,-1.44453564966563,0.118572287005686,-0.296269708553318
2.3552285631339,0.154878628264547,0.0442020129364232,0.431725146836145,-1.0763054325024,-0.138629096172768,2.44089316961621,0.971638937543545
0.764044377794893,-1.30684232766089,-0.0576847866100086,-0.431238995091194,-0.103409950708266,0.43202060604162,0.670596189073573,0.487971292691721
-2.11465261953352,1.5257116903121,-0.122618382425678,0.12185488325909,-0.315358815557193,2.25299352769703,-0.679529983804429,1.35049587712551
-0.0903534642641179,0.958632913828923,1.03715126063067,0.420567012543104,-0.37326206403354,-0.459580572091286,0.0485286653409094,-0.00647758865428582
0.884818971039301,-0.986172147520406,0.11724120160104,0.404850474589968,-0.364251934145935,0.0904870996901735,1.16048394439105,-0.0994199101315068
-0.688375215258801,-0.237189237377818,0.881671715537276,0.483729972943085,-0.258273316892186,2.60813497522575,1.80872263661243,-0.151287222232916
0.795719569036154,-0.485789034262486,-0.0761405977570934,-0.293326009150373,0.00884124985198532,-1.03716924619676,0.684621162851591,-1.21746971802589
-1.03774718620552,-0.0611639027162244,-0.914427547802395,-2.46947772250578,1.29588692138339,0.253104165385027,-0.778036957007324,2.03249672166289
0.09819926257756,-0.639917394733335,-1.18631400470127,0.252209143233553,-0.379074163847942,-0.266598857761946,0.685549783344551,-1.42698797217252
1.52372663590548,-0.715323451387591,1.1997547050153,-0.92917261583568,-0.0053354846994406,1.31748378509625,0.568332799611546,-0.123988384840955
0.374232738223394,0.181413959491483,-0.415961683697135,0.53184551380865,-1.64694141090947,0.111701491010386,0.525274398132955,-0.366471943536329
1.23900718077788,-0.302594385743931,0.483943385689706,-1.32631180155802,0.18607166772947,1.27143670693123,-0.0536785832771295,0.0736419239097198
0.0655301942056315,-0.00217410769457443,-0.00651248661540248,1.02402482895248,0.080751522460364,0.411779243079981,-0.217867028498463,-1.43116417410214
-0.680307693095662,-0.351520426142032,-0.523765149950598,-0.901264567633287,-0.647003957224966,0.757916460128133,0.0969491754926794,0.778554500084642
0.513556582894615,-0.144869743918963,0.460516790944638,-0.655816293386043,0.37019684784149,-1.67233509434451,-0.598844707443937,-0.0431895442147638
0.0536903298400863,0.214071386271534,-0.842411347480237,0.398171417985366,-0.286668696932019,-0.733485474462717,0.594378766787624,-0.228967379788488
2.13011707128974,-0.654142165981757,0.920293213166541,2.34531156080877,-0.271465311577531,-1.32321450275095,-0.050686482658031,1.42175512940149
-0.819600887306183,1.38558143988862,1.27841534140557,-0.945294656617694,-1.12926517789828,-1.51156456881177,1.33165808462062,0.674681868970872
0.0989883295039361,0.605127857851072,1.82037170195489,1.78950273061857,0.877297645028176,0.911439110043355,0.745639568027799,1.7187915570596
-1.46173158441023,-2.75539443353856,0.675905128051295,0.49043621541264,-0.922281835924355,1.04387615531038,0.226335992345541,1.31447329363356
